  0.28
  0.28
  0.28
  0.28
  0.28
  0.29
  0.29
  0.29
  0.29
  0.30
  0.30
  0.30
  0.30
  0.31
  0.31
  0.31
  0.31
  0.31
  0.32
  0.32
  0.32
  0.33
  0.33
  0.33
  0.33
  0.34
  0.34
  0.34
  0.34
  0.35
  0.35
  0.35
  0.36
  0.36
  0.36
  0.37
  0.37
  0.37
  0.38
  0.38
  0.38
  0.39
  0.39
  0.39
  0.40
  0.40
  0.40
  0.41
  0.41
  0.41
  0.42
  0.42
  0.43
  0.43
  0.43
  0.44
  0.44
  0.45
  0.45
  0.46
  0.46
  0.46
  0.47
  0.47
  0.48
  0.48
  0.49
  0.49
  0.50
  0.50
  0.51
  0.51
  0.52
  0.52
  0.53
  0.53
  0.54
  0.55
  0.55
  0.56
  0.56
  0.57
  0.58
  0.58
  0.59
  0.59
  0.60
  0.61
  0.61
  0.62
  0.63
  0.64
  0.64
  0.65
  0.66
  0.67
  0.67
  0.68
  0.69
  0.70
  0.71
  0.71
  0.72
  0.73
  0.74
  0.75
  0.76
  0.77
  0.78
  0.79
  0.80
  0.81
  0.82
  0.83
  0.84
  0.85
  0.86
  0.87
  0.89
  0.90
  0.91
  0.92
  0.94
  0.95
  0.96
  0.98
  0.99
  1.00
  1.02
  1.03
  1.05
  1.06
  1.08
  1.09
  1.11
  1.13
  1.14
  1.16
  1.18
  1.20
  1.22
  1.24
  1.26
  1.28
  1.30
  1.32
  1.34
  1.36
  1.38
  1.41
  1.43
  1.46
  1.48
  1.51
  1.53
  1.56
  1.59
  1.62
  1.65
  1.68
  1.71
  1.74
  1.77
  1.80
  1.84
  1.87
  1.91
  1.95
  1.99
  2.03
  2.07
  2.11
  2.15
  2.20
  2.24
  2.29
  2.34
  2.39
  2.44
  2.50
  2.55
  2.61
  2.67
  2.73
  2.79
  2.86
  2.93
  3.00
  3.07
  3.15
  3.22
  3.31
  3.39
  3.48
  3.57
  3.66
  3.76
  3.86
  3.97
  4.08
  4.19
  4.31
  4.43
  4.56
  4.70
  4.84
  4.98
  5.14
  5.30
  5.46
  5.64
  5.82
  6.01
  6.21
  6.42
  6.63
  6.86
  7.11
  7.36
  7.62
  7.90
  8.20
  8.51
  8.83
  9.17
  9.53
  9.91
 10.31
 10.73
 11.18
 11.65
 12.14
 12.66
 13.21
 13.80
 14.41
 15.06
 15.74
 16.44
 17.20
 18.00
 18.83
 19.71
 20.64
 21.60
 22.60
 23.65
 24.74
 25.85
 27.00
 28.18
 29.37
 30.58
 31.78
 32.96
 34.12
 35.23
 36.28
 37.26
 38.13
 38.90
 39.53
 40.02
 40.34
 40.51
 40.51
 40.35
 40.02
 39.53
 38.90
 38.13
 37.26
 36.28
 35.23
 34.12
 32.96
 31.78
 30.58
 29.37
 28.18
 27.00
 25.85
 24.74
 23.65
 22.60
 21.60
 20.64
 19.71
 18.86
 18.02
 17.22
 16.46
 15.74
 15.06
 14.41
 13.80
 13.21
 12.66
 12.14
 11.65
 11.18
 10.73
 10.31
  9.91
  9.53
  9.17
  8.83
  8.51
  8.20
  7.90
  7.62
  7.36
  7.11
  6.87
  6.64
  6.42
  6.21
  6.01
  5.82
  5.64
  5.46
  5.30
  5.14
  4.98
  4.84
  4.70
  4.56
  4.43
  4.31
  4.19
  4.08
  3.97
  3.86
  3.76
  3.66
  3.57
  3.48
  3.39
  3.31
  3.23
  3.15
  3.07
  3.00
  2.93
  2.86
  2.79
  2.73
  2.67
  2.61
  2.55
  2.50
  2.44
  2.39
  2.34
  2.29
  2.24
  2.20
  2.15
  2.11
  2.07
  2.03
  1.99
  1.95
  1.91
  1.87
  1.84
  1.80
  1.77
  1.74
  1.71
  1.68
  1.65
  1.62
  1.59
  1.56
  1.53
  1.51
  1.48
  1.46
  1.43
  1.41
  1.38
  1.36
  1.34
  1.32
  1.30
  1.28
  1.26
  1.24
  1.22
  1.20
  1.18
  1.16
  1.14
  1.13
  1.11
  1.09
  1.08
  1.06
  1.05
  1.03
  1.02
  1.00
  0.99
  0.98
  0.96
  0.95
  0.94
  0.92
  0.91
  0.90
  0.89
  0.87
  0.86
  0.85
  0.84
  0.83
  0.82
  0.81
  0.80
  0.79
  0.78
  0.77
  0.76
  0.75
  0.74
  0.73
  0.72
  0.71
  0.71
  0.70
  0.69
  0.68
  0.67
  0.67
  0.66
  0.65
  0.64
  0.64
  0.63
  0.62
  0.61
  0.61
  0.60
  0.59
  0.59
  0.58
  0.58
  0.57
  0.56
  0.56
  0.55
  0.55
  0.54
  0.53
  0.53
  0.52
  0.52
  0.51
  0.51
  0.50
  0.50
  0.49
  0.49
  0.48
  0.48
  0.47
  0.47
  0.46
  0.46
  0.46
  0.45
  0.45
  0.44
  0.44
  0.43
  0.43
  0.43
  0.42
  0.42
  0.41
  0.41
  0.41
  0.40
  0.40
  0.40
  0.39
  0.39
  0.39
  0.38
  0.38
  0.38
  0.37
  0.37
  0.37
  0.36
  0.36
  0.36
  0.35
  0.35
  0.35
  0.34
  0.34
  0.34
  0.34
  0.33
  0.33
  0.33
  0.33
  0.32
  0.32
  0.32
  0.31
  0.31
  0.31
  0.31
  0.31
  0.30
  0.30
  0.30
  0.30
  0.29
  0.29
  0.29
  0.29
