  0.28
  0.28
  0.28
  0.28
  0.28
  0.29
  0.29
  0.29
  0.29
  0.30
  0.30
  0.30
  0.30
  0.30
  0.31
  0.31
  0.31
  0.31
  0.32
  0.32
  0.32
  0.32
  0.33
  0.33
  0.33
  0.34
  0.34
  0.34
  0.34
  0.35
  0.35
  0.35
  0.36
  0.36
  0.36
  0.37
  0.37
  0.37
  0.37
  0.38
  0.38
  0.38
  0.39
  0.39
  0.40
  0.40
  0.40
  0.41
  0.41
  0.41
  0.42
  0.42
  0.43
  0.43
  0.43
  0.44
  0.44
  0.45
  0.45
  0.45
  0.46
  0.46
  0.47
  0.47
  0.48
  0.48
  0.49
  0.49
  0.50
  0.50
  0.51
  0.51
  0.52
  0.52
  0.53
  0.53
  0.54
  0.55
  0.55
  0.56
  0.56
  0.57
  0.58
  0.58
  0.59
  0.59
  0.60
  0.61
  0.61
  0.62
  0.63
  0.64
  0.64
  0.65
  0.66
  0.67
  0.67
  0.68
  0.69
  0.70
  0.71
  0.71
  0.72
  0.73
  0.74
  0.75
  0.76
  0.77
  0.78
  0.79
  0.80
  0.81
  0.82
  0.83
  0.84
  0.85
  0.86
  0.87
  0.89
  0.90
  0.91
  0.92
  0.94
  0.95
  0.96
  0.98
  0.99
  1.00
  1.02
  1.03
  1.05
  1.06
  1.08
  1.10
  1.11
  1.13
  1.15
  1.16
  1.18
  1.20
  1.22
  1.24
  1.26
  1.28
  1.30
  1.32
  1.34
  1.36
  1.39
  1.41
  1.43
  1.46
  1.48
  1.51
  1.54
  1.56
  1.59
  1.62
  1.65
  1.68
  1.71
  1.74
  1.78
  1.81
  1.85
  1.88
  1.92
  1.96
  1.99
  2.04
  2.08
  2.12
  2.16
  2.21
  2.26
  2.30
  2.35
  2.41
  2.46
  2.51
  2.57
  2.63
  2.69
  2.75
  2.82
  2.88
  2.95
  3.03
  3.10
  3.18
  3.26
  3.34
  3.42
  3.51
  3.61
  3.70
  3.80
  3.91
  4.02
  4.13
  4.25
  4.37
  4.50
  4.63
  4.77
  4.92
  5.07
  5.23
  5.39
  5.57
  5.75
  5.94
  6.14
  6.34
  6.56
  6.79
  7.03
  7.29
  7.55
  7.84
  8.13
  8.44
  8.77
  9.12
  9.49
  9.87
 10.28
 10.72
 11.17
 11.66
 12.17
 12.71
 13.29
 13.90
 14.55
 15.24
 15.96
 16.74
 17.54
 18.40
 19.32
 20.30
 21.33
 22.41
 23.56
 24.77
 26.03
 27.36
 28.74
 30.18
 31.66
 33.18
 34.73
 36.29
 37.86
 39.40
 40.90
 42.33
 43.67
 44.89
 45.96
 46.85
 47.55
 48.01
 48.26
 48.27
 48.04
 47.58
 46.89
 46.01
 44.95
 43.74
 42.40
 40.97
 39.47
 37.93
 36.37
 34.80
 33.25
 31.73
 30.25
 28.81
 27.42
 26.10
 24.83
 23.62
 22.47
 21.38
 20.37
 19.39
 18.47
 17.60
 16.78
 16.00
 15.27
 14.58
 13.93
 13.32
 12.74
 12.20
 11.68
 11.20
 10.74
 10.30
  9.89
  9.51
  9.14
  8.79
  8.46
  8.15
  7.85
  7.57
  7.30
  7.05
  6.81
  6.58
  6.36
  6.15
  5.95
  5.76
  5.58
  5.40
  5.23
  5.08
  4.92
  4.78
  4.64
  4.50
  4.38
  4.25
  4.14
  4.02
  3.91
  3.81
  3.71
  3.61
  3.52
  3.43
  3.34
  3.26
  3.18
  3.10
  3.03
  2.96
  2.89
  2.82
  2.75
  2.69
  2.63
  2.57
  2.52
  2.46
  2.41
  2.36
  2.31
  2.26
  2.21
  2.17
  2.12
  2.08
  2.04
  2.00
  1.96
  1.92
  1.88
  1.85
  1.81
  1.78
  1.75
  1.71
  1.68
  1.65
  1.62
  1.59
  1.57
  1.54
  1.51
  1.49
  1.46
  1.44
  1.41
  1.39
  1.37
  1.34
  1.32
  1.30
  1.28
  1.26
  1.24
  1.22
  1.20
  1.18
  1.16
  1.15
  1.13
  1.11
  1.10
  1.08
  1.06
  1.05
  1.03
  1.02
  1.00
  0.99
  0.98
  0.96
  0.95
  0.94
  0.92
  0.91
  0.90
  0.89
  0.88
  0.86
  0.85
  0.84
  0.83
  0.82
  0.81
  0.80
  0.79
  0.78
  0.77
  0.76
  0.75
  0.74
  0.73
  0.72
  0.71
  0.71
  0.70
  0.69
  0.68
  0.67
  0.67
  0.66
  0.65
  0.64
  0.64
  0.63
  0.62
  0.61
  0.61
  0.60
  0.59
  0.59
  0.58
  0.58
  0.57
  0.56
  0.56
  0.55
  0.55
  0.54
  0.53
  0.53
  0.52
  0.52
  0.51
  0.51
  0.50
  0.50
  0.49
  0.49
  0.48
  0.48
  0.47
  0.47
  0.46
  0.46
  0.46
  0.45
  0.45
  0.44
  0.44
  0.43
  0.43
  0.43
  0.42
  0.42
  0.41
  0.41
  0.41
  0.40
  0.40
  0.40
  0.39
  0.39
  0.39
  0.38
  0.38
  0.38
  0.37
  0.37
  0.37
  0.36
  0.36
  0.36
  0.35
  0.35
  0.35
  0.34
  0.34
  0.34
  0.34
  0.33
  0.33
  0.33
  0.32
  0.32
  0.32
  0.32
  0.31
  0.31
  0.31
  0.31
  0.30
  0.30
  0.30
  0.30
  0.30
  0.29
  0.29
  0.29
  0.29
