  0.65
  0.65
  0.66
  0.66
  0.66
  0.67
  0.67
  0.68
  0.68
  0.69
  0.69
  0.70
  0.70
  0.71
  0.71
  0.71
  0.72
  0.72
  0.73
  0.73
  0.74
  0.75
  0.75
  0.76
  0.76
  0.77
  0.77
  0.78
  0.78
  0.79
  0.79
  0.80
  0.81
  0.81
  0.82
  0.82
  0.83
  0.84
  0.84
  0.85
  0.86
  0.86
  0.87
  0.87
  0.88
  0.89
  0.89
  0.90
  0.91
  0.92
  0.92
  0.93
  0.94
  0.94
  0.95
  0.96
  0.97
  0.97
  0.98
  0.99
  1.00
  1.01
  1.01
  1.02
  1.03
  1.04
  1.05
  1.06
  1.07
  1.07
  1.08
  1.09
  1.10
  1.11
  1.12
  1.13
  1.14
  1.15
  1.16
  1.17
  1.18
  1.19
  1.20
  1.21
  1.22
  1.23
  1.24
  1.26
  1.27
  1.28
  1.29
  1.30
  1.31
  1.33
  1.34
  1.35
  1.36
  1.38
  1.39
  1.40
  1.41
  1.43
  1.44
  1.46
  1.47
  1.48
  1.50
  1.51
  1.53
  1.54
  1.56
  1.57
  1.59
  1.60
  1.62
  1.64
  1.65
  1.67
  1.69
  1.71
  1.72
  1.74
  1.76
  1.78
  1.80
  1.82
  1.83
  1.85
  1.87
  1.89
  1.92
  1.94
  1.96
  1.98
  2.00
  2.02
  2.05
  2.07
  2.09
  2.11
  2.14
  2.16
  2.19
  2.21
  2.24
  2.27
  2.29
  2.32
  2.35
  2.37
  2.40
  2.43
  2.46
  2.49
  2.52
  2.55
  2.58
  2.61
  2.65
  2.68
  2.71
  2.75
  2.78
  2.82
  2.85
  2.89
  2.93
  2.97
  3.00
  3.04
  3.08
  3.12
  3.17
  3.21
  3.25
  3.30
  3.34
  3.39
  3.43
  3.48
  3.53
  3.58
  3.63
  3.68
  3.73
  3.78
  3.84
  3.89
  3.95
  4.01
  4.06
  4.12
  4.19
  4.25
  4.31
  4.37
  4.44
  4.51
  4.58
  4.65
  4.72
  4.79
  4.86
  4.94
  5.01
  5.09
  5.17
  5.25
  5.34
  5.42
  5.51
  5.60
  5.69
  5.78
  5.87
  5.97
  6.06
  6.16
  6.26
  6.37
  6.47
  6.58
  6.69
  6.80
  6.91
  7.03
  7.15
  7.27
  7.39
  7.51
  7.64
  7.77
  7.90
  8.03
  8.17
  8.31
  8.45
  8.59
  8.73
  8.88
  9.03
  9.18
  9.33
  9.49
  9.65
  9.81
  9.97
 10.13
 10.30
 10.46
 10.63
 10.80
 10.97
 11.15
 11.32
 11.49
 11.67
 11.84
 12.02
 12.20
 12.37
 12.55
 12.73
 12.90
 13.07
 13.24
 13.41
 13.58
 13.75
 13.92
 14.08
 14.24
 14.39
 14.54
 14.69
 14.83
 14.97
 15.10
 15.22
 15.34
 15.46
 15.56
 15.66
 15.76
 15.84
 15.92
 15.99
 16.05
 16.10
 16.14
 16.18
 16.20
 16.22
 16.23
 16.23
 16.22
 16.20
 16.17
 16.13
 16.09
 16.03
 15.97
 15.90
 15.82
 15.73
 15.64
 15.53
 15.42
 15.31
 15.19
 15.06
 14.93
 14.79
 14.65
 14.50
 14.35
 14.19
 14.03
 13.87
 13.71
 13.54
 13.37
 13.20
 13.02
 12.85
 12.67
 12.50
 12.32
 12.15
 11.97
 11.79
 11.62
 11.44
 11.27
 11.09
 10.92
 10.75
 10.58
 10.42
 10.25
 10.09
  9.92
  9.76
  9.60
  9.45
  9.29
  9.14
  8.99
  8.84
  8.69
  8.55
  8.41
  8.27
  8.13
  7.99
  7.86
  7.73
  7.60
  7.48
  7.35
  7.23
  7.11
  7.00
  6.88
  6.77
  6.66
  6.55
  6.44
  6.34
  6.24
  6.14
  6.04
  5.94
  5.85
  5.75
  5.66
  5.57
  5.48
  5.40
  5.31
  5.23
  5.15
  5.07
  4.99
  4.92
  4.84
  4.77
  4.70
  4.63
  4.56
  4.49
  4.42
  4.36
  4.29
  4.23
  4.17
  4.11
  4.05
  3.99
  3.93
  3.88
  3.82
  3.77
  3.72
  3.66
  3.61
  3.56
  3.51
  3.47
  3.42
  3.37
  3.33
  3.28
  3.24
  3.20
  3.16
  3.11
  3.07
  3.03
  2.99
  2.96
  2.92
  2.88
  2.84
  2.81
  2.77
  2.74
  2.70
  2.67
  2.64
  2.61
  2.57
  2.54
  2.51
  2.48
  2.45
  2.42
  2.39
  2.37
  2.34
  2.31
  2.28
  2.26
  2.23
  2.21
  2.18
  2.16
  2.13
  2.11
  2.08
  2.06
  2.04
  2.02
  1.99
  1.97
  1.95
  1.93
  1.91
  1.89
  1.87
  1.85
  1.83
  1.81
  1.79
  1.77
  1.75
  1.74
  1.72
  1.70
  1.68
  1.67
  1.65
  1.63
  1.62
  1.60
  1.58
  1.57
  1.55
  1.54
  1.52
  1.51
  1.49
  1.48
  1.47
  1.45
  1.44
  1.42
  1.41
  1.40
  1.38
  1.37
  1.36
  1.35
  1.33
  1.32
  1.31
  1.30
  1.29
  1.27
  1.26
  1.25
  1.24
  1.23
  1.22
  1.21
  1.20
  1.19
  1.18
  1.17
  1.16
  1.15
  1.14
  1.13
  1.12
  1.11
  1.10
  1.09
  1.08
  1.07
  1.06
  1.05
  1.05
  1.04
  1.03
  1.02
  1.01
  1.00
  1.00
  0.99
  0.98
  0.97
  0.97
  0.96
  0.95
  0.94
  0.94
  0.93
  0.92
  0.91
  0.91
  0.90
  0.89
  0.89
  0.88
  0.87
  0.87
  0.86
  0.85
  0.85
  0.84
  0.83
  0.83
  0.82
  0.82
  0.81
  0.80
  0.80
  0.79
  0.79
  0.78
  0.78
  0.77
  0.77
  0.76
  0.75
  0.75
  0.74
  0.74
  0.73
  0.73
  0.72
  0.72
  0.71
