  0.91
  0.91
  0.92
  0.92
  0.93
  0.93
  0.94
  0.94
  0.95
  0.95
  0.96
  0.96
  0.97
  0.97
  0.98
  0.98
  0.99
  0.99
  1.00
  1.00
  1.01
  1.02
  1.02
  1.03
  1.03
  1.04
  1.04
  1.05
  1.06
  1.06
  1.07
  1.07
  1.08
  1.09
  1.09
  1.10
  1.11
  1.11
  1.12
  1.12
  1.13
  1.14
  1.14
  1.15
  1.16
  1.16
  1.17
  1.18
  1.19
  1.19
  1.20
  1.21
  1.21
  1.22
  1.23
  1.24
  1.24
  1.25
  1.26
  1.27
  1.27
  1.28
  1.29
  1.30
  1.30
  1.31
  1.32
  1.33
  1.34
  1.35
  1.35
  1.36
  1.37
  1.38
  1.39
  1.40
  1.41
  1.42
  1.42
  1.43
  1.44
  1.45
  1.46
  1.47
  1.48
  1.49
  1.50
  1.51
  1.52
  1.53
  1.54
  1.55
  1.56
  1.57
  1.58
  1.59
  1.60
  1.61
  1.62
  1.63
  1.65
  1.66
  1.67
  1.68
  1.69
  1.70
  1.71
  1.73
  1.74
  1.75
  1.76
  1.77
  1.79
  1.80
  1.81
  1.82
  1.84
  1.85
  1.86
  1.88
  1.89
  1.90
  1.92
  1.93
  1.94
  1.96
  1.97
  1.99
  2.00
  2.01
  2.03
  2.04
  2.06
  2.07
  2.09
  2.10
  2.12
  2.14
  2.15
  2.17
  2.18
  2.20
  2.22
  2.23
  2.25
  2.27
  2.28
  2.30
  2.32
  2.34
  2.35
  2.37
  2.39
  2.41
  2.43
  2.44
  2.46
  2.48
  2.50
  2.52
  2.54
  2.56
  2.58
  2.60
  2.62
  2.64
  2.66
  2.68
  2.70
  2.73
  2.75
  2.77
  2.79
  2.81
  2.84
  2.86
  2.88
  2.91
  2.93
  2.95
  2.98
  3.00
  3.03
  3.05
  3.07
  3.10
  3.13
  3.15
  3.18
  3.20
  3.23
  3.26
  3.28
  3.31
  3.34
  3.36
  3.39
  3.42
  3.45
  3.48
  3.51
  3.54
  3.56
  3.59
  3.62
  3.65
  3.69
  3.72
  3.75
  3.78
  3.81
  3.84
  3.87
  3.91
  3.94
  3.97
  4.01
  4.04
  4.07
  4.11
  4.14
  4.18
  4.21
  4.25
  4.28
  4.32
  4.35
  4.39
  4.43
  4.47
  4.50
  4.54
  4.58
  4.62
  4.65
  4.69
  4.73
  4.77
  4.81
  4.85
  4.89
  4.93
  4.97
  5.01
  5.05
  5.09
  5.13
  5.17
  5.22
  5.26
  5.30
  5.34
  5.39
  5.43
  5.47
  5.51
  5.56
  5.60
  5.64
  5.69
  5.73
  5.77
  5.82
  5.86
  5.90
  5.95
  5.99
  6.04
  6.08
  6.12
  6.17
  6.21
  6.26
  6.30
  6.34
  6.39
  6.43
  6.47
  6.52
  6.56
  6.60
  6.65
  6.69
  6.73
  6.77
  6.82
  6.86
  6.90
  6.94
  6.98
  7.02
  7.06
  7.10
  7.14
  7.17
  7.21
  7.25
  7.29
  7.32
  7.36
  7.39
  7.43
  7.46
  7.50
  7.53
  7.56
  7.59
  7.62
  7.65
  7.68
  7.71
  7.73
  7.76
  7.79
  7.81
  7.83
  7.86
  7.88
  7.90
  7.92
  7.94
  7.96
  7.97
  7.99
  8.00
  8.02
  8.03
  8.04
  8.05
  8.06
  8.07
  8.08
  8.08
  8.09
  8.09
  8.09
  8.10
  8.10
  8.10
  8.09
  8.09
  8.09
  8.08
  8.07
  8.07
  8.06
  8.05
  8.04
  8.03
  8.01
  8.00
  7.98
  7.97
  7.95
  7.93
  7.91
  7.89
  7.87
  7.85
  7.83
  7.80
  7.78
  7.75
  7.73
  7.70
  7.67
  7.64
  7.61
  7.58
  7.55
  7.52
  7.49
  7.45
  7.42
  7.38
  7.35
  7.31
  7.28
  7.24
  7.20
  7.16
  7.13
  7.09
  7.05
  7.01
  6.97
  6.93
  6.89
  6.85
  6.80
  6.76
  6.72
  6.68
  6.63
  6.59
  6.55
  6.51
  6.46
  6.42
  6.38
  6.33
  6.29
  6.24
  6.20
  6.16
  6.11
  6.07
  6.02
  5.98
  5.94
  5.89
  5.85
  5.80
  5.76
  5.72
  5.68
  5.63
  5.59
  5.55
  5.50
  5.46
  5.42
  5.37
  5.33
  5.29
  5.25
  5.21
  5.16
  5.12
  5.08
  5.04
  5.00
  4.96
  4.92
  4.88
  4.84
  4.80
  4.76
  4.72
  4.68
  4.64
  4.61
  4.57
  4.53
  4.49
  4.46
  4.42
  4.38
  4.35
  4.31
  4.27
  4.24
  4.20
  4.17
  4.13
  4.10
  4.06
  4.03
  4.00
  3.96
  3.93
  3.90
  3.87
  3.83
  3.80
  3.77
  3.74
  3.71
  3.68
  3.65
  3.62
  3.59
  3.56
  3.53
  3.50
  3.47
  3.44
  3.41
  3.38
  3.36
  3.33
  3.30
  3.27
  3.25
  3.22
  3.20
  3.17
  3.14
  3.12
  3.09
  3.07
  3.04
  3.02
  2.99
  2.97
  2.95
  2.92
  2.90
  2.88
  2.85
  2.83
  2.81
  2.79
  2.76
  2.74
  2.72
  2.70
  2.68
  2.66
  2.64
  2.62
  2.60
  2.58
  2.56
  2.54
  2.52
  2.50
  2.48
  2.46
  2.44
  2.42
  2.40
  2.38
  2.37
  2.35
  2.33
  2.31
  2.30
  2.28
  2.26
  2.24
  2.23
  2.21
  2.19
  2.18
  2.16
  2.15
  2.13
  2.12
  2.10
  2.08
  2.07
  2.05
  2.04
  2.02
  2.01
  2.00
  1.98
  1.97
  1.95
  1.94
  1.93
  1.91
  1.90
  1.88
  1.87
  1.86
  1.85
  1.83
  1.82
  1.81
  1.79
  1.78
  1.77
  1.76
  1.75
  1.73
  1.72
  1.71
  1.70
  1.69
  1.68
  1.66
  1.65
  1.64
  1.63
  1.62
  1.61
  1.60
  1.59
  1.58
  1.57
  1.56
  1.55
  1.54
  1.53
  1.52
  1.51
  1.50
  1.49
  1.48
  1.47
  1.46
  1.45
  1.44
  1.43
  1.42
  1.41
  1.40
  1.40
  1.39
  1.38
  1.37
  1.36
  1.35
  1.34
  1.34
  1.33
  1.32
  1.31
  1.30
  1.29
  1.29
  1.28
  1.27
  1.26
  1.26
  1.25
  1.24
  1.23
  1.23
  1.22
  1.21
  1.20
  1.20
  1.19
  1.18
  1.18
  1.17
  1.16
  1.16
  1.15
  1.14
  1.14
  1.13
  1.12
  1.12
  1.11
  1.10
  1.10
  1.09
  1.08
  1.08
  1.07
  1.07
