  0.91
  0.91
  0.92
  0.92
  0.93
  0.93
  0.94
  0.94
  0.95
  0.95
  0.96
  0.96
  0.97
  0.97
  0.98
  0.98
  0.99
  1.00
  1.00
  1.01
  1.01
  1.02
  1.02
  1.03
  1.03
  1.04
  1.05
  1.05
  1.06
  1.06
  1.07
  1.08
  1.08
  1.09
  1.09
  1.10
  1.11
  1.11
  1.12
  1.13
  1.13
  1.14
  1.15
  1.15
  1.16
  1.17
  1.17
  1.18
  1.19
  1.19
  1.20
  1.21
  1.22
  1.22
  1.23
  1.24
  1.25
  1.25
  1.26
  1.27
  1.28
  1.28
  1.29
  1.30
  1.31
  1.32
  1.32
  1.33
  1.34
  1.35
  1.36
  1.37
  1.37
  1.38
  1.39
  1.40
  1.41
  1.42
  1.43
  1.44
  1.45
  1.45
  1.46
  1.47
  1.48
  1.49
  1.50
  1.51
  1.52
  1.53
  1.54
  1.55
  1.56
  1.57
  1.58
  1.59
  1.60
  1.62
  1.63
  1.64
  1.65
  1.66
  1.67
  1.68
  1.69
  1.70
  1.72
  1.73
  1.74
  1.75
  1.76
  1.78
  1.79
  1.80
  1.81
  1.83
  1.84
  1.85
  1.86
  1.88
  1.89
  1.90
  1.92
  1.93
  1.95
  1.96
  1.97
  1.99
  2.00
  2.02
  2.03
  2.05
  2.06
  2.08
  2.09
  2.11
  2.12
  2.14
  2.15
  2.17
  2.19
  2.20
  2.22
  2.24
  2.25
  2.27
  2.29
  2.30
  2.32
  2.34
  2.36
  2.37
  2.39
  2.41
  2.43
  2.45
  2.47
  2.49
  2.50
  2.52
  2.54
  2.56
  2.58
  2.60
  2.62
  2.64
  2.67
  2.69
  2.71
  2.73
  2.75
  2.77
  2.79
  2.82
  2.84
  2.86
  2.89
  2.91
  2.93
  2.96
  2.98
  3.00
  3.03
  3.05
  3.08
  3.10
  3.13
  3.15
  3.18
  3.20
  3.23
  3.26
  3.28
  3.31
  3.34
  3.37
  3.39
  3.42
  3.45
  3.48
  3.51
  3.54
  3.57
  3.60
  3.63
  3.66
  3.69
  3.72
  3.75
  3.78
  3.81
  3.84
  3.88
  3.91
  3.94
  3.97
  4.01
  4.04
  4.07
  4.11
  4.14
  4.18
  4.21
  4.25
  4.28
  4.32
  4.36
  4.39
  4.43
  4.47
  4.50
  4.54
  4.58
  4.62
  4.65
  4.69
  4.73
  4.77
  4.81
  4.85
  4.89
  4.93
  4.97
  5.01
  5.05
  5.09
  5.13
  5.17
  5.22
  5.26
  5.30
  5.34
  5.38
  5.43
  5.47
  5.51
  5.55
  5.60
  5.64
  5.68
  5.73
  5.77
  5.82
  5.86
  5.90
  5.95
  5.99
  6.03
  6.08
  6.12
  6.16
  6.21
  6.25
  6.30
  6.34
  6.38
  6.43
  6.47
  6.51
  6.56
  6.60
  6.64
  6.68
  6.73
  6.77
  6.81
  6.85
  6.89
  6.93
  6.97
  7.01
  7.05
  7.09
  7.13
  7.17
  7.21
  7.24
  7.28
  7.32
  7.35
  7.39
  7.42
  7.45
  7.49
  7.52
  7.55
  7.58
  7.61
  7.64
  7.67
  7.70
  7.73
  7.75
  7.78
  7.80
  7.83
  7.85
  7.87
  7.89
  7.91
  7.93
  7.95
  7.97
  7.98
  8.00
  8.01
  8.02
  8.03
  8.04
  8.05
  8.06
  8.07
  8.08
  8.08
  8.08
  8.09
  8.09
  8.09
  8.09
  8.09
  8.08
  8.08
  8.08
  8.07
  8.06
  8.05
  8.04
  8.03
  8.02
  8.01
  7.99
  7.98
  7.96
  7.95
  7.93
  7.91
  7.89
  7.87
  7.85
  7.82
  7.80
  7.78
  7.75
  7.72
  7.70
  7.67
  7.64
  7.61
  7.58
  7.55
  7.52
  7.49
  7.45
  7.42
  7.38
  7.35
  7.31
  7.28
  7.24
  7.20
  7.17
  7.13
  7.09
  7.05
  7.01
  6.97
  6.93
  6.89
  6.85
  6.81
  6.76
  6.72
  6.68
  6.64
  6.60
  6.55
  6.51
  6.47
  6.42
  6.38
  6.34
  6.29
  6.25
  6.21
  6.16
  6.12
  6.07
  6.03
  5.99
  5.94
  5.90
  5.85
  5.81
  5.77
  5.72
  5.68
  5.64
  5.59
  5.55
  5.51
  5.47
  5.42
  5.38
  5.34
  5.30
  5.25
  5.21
  5.17
  5.13
  5.09
  5.05
  5.01
  4.97
  4.93
  4.89
  4.85
  4.81
  4.77
  4.73
  4.69
  4.65
  4.61
  4.58
  4.54
  4.50
  4.46
  4.43
  4.39
  4.35
  4.32
  4.28
  4.25
  4.21
  4.18
  4.14
  4.11
  4.07
  4.04
  4.00
  3.97
  3.94
  3.91
  3.87
  3.84
  3.81
  3.78
  3.75
  3.72
  3.68
  3.65
  3.62
  3.59
  3.56
  3.54
  3.51
  3.48
  3.45
  3.42
  3.39
  3.36
  3.34
  3.31
  3.28
  3.26
  3.23
  3.20
  3.18
  3.15
  3.13
  3.10
  3.08
  3.05
  3.03
  3.00
  2.98
  2.95
  2.93
  2.91
  2.88
  2.86
  2.84
  2.82
  2.79
  2.77
  2.75
  2.73
  2.71
  2.68
  2.66
  2.64
  2.62
  2.60
  2.58
  2.56
  2.54
  2.52
  2.50
  2.48
  2.47
  2.45
  2.43
  2.41
  2.39
  2.37
  2.35
  2.34
  2.32
  2.30
  2.28
  2.27
  2.25
  2.23
  2.22
  2.20
  2.18
  2.17
  2.15
  2.14
  2.12
  2.11
  2.09
  2.08
  2.06
  2.05
  2.03
  2.02
  2.00
  1.99
  1.97
  1.96
  1.94
  1.93
  1.92
  1.90
  1.89
  1.88
  1.86
  1.85
  1.84
  1.83
  1.81
  1.80
  1.79
  1.78
  1.76
  1.75
  1.74
  1.73
  1.72
  1.70
  1.69
  1.68
  1.67
  1.66
  1.65
  1.64
  1.63
  1.61
  1.60
  1.59
  1.58
  1.57
  1.56
  1.55
  1.54
  1.53
  1.52
  1.51
  1.50
  1.49
  1.48
  1.47
  1.46
  1.45
  1.44
  1.44
  1.43
  1.42
  1.41
  1.40
  1.39
  1.38
  1.37
  1.36
  1.36
  1.35
  1.34
  1.33
  1.32
  1.31
  1.31
  1.30
  1.29
  1.28
  1.28
  1.27
  1.26
  1.25
  1.24
  1.24
  1.23
  1.22
  1.22
  1.21
  1.20
  1.19
  1.19
  1.18
  1.17
  1.17
  1.16
  1.15
  1.15
  1.14
  1.13
  1.13
  1.12
  1.11
  1.11
  1.10
  1.09
  1.09
  1.08
  1.08
  1.07
